8.6197062037119,12.4233605655703,-9.886809564536
10.542534036314,12.1767997661128,-7.41425518940681
11.3107421286806,11.3705351583668,-7.12847170608231
10.3664411357911,12.7540692234464,-10.2668178730284
10.9911163004988,13.1655320217409,-10.7146943705307
-14.4926844903656,4.26464283632659,5.51264405341916
10.9731804407162,11.8939476674548,-7.28600637439298
10.9926326401643,11.9422127404717,-7.49502572667262
-14.5056881143843,4.26277567426645,5.62318541424307
-14.4706620720314,4.22252570680991,5.6524822198117
-14.5734450432447,4.25354798209514,5.57568067899117
7.99813473406651,12.262620370211,-10.7111217530363
11.2266346777011,12.3055090334665,-6.94569884394965
10.3646501416619,13.3825916420026,-10.7273997895633
10.5256526316122,13.7742250740308,-10.2590638538603
-14.1598131027003,6.26016281845893,6.84712332926331
10.7916384315327,11.7610577658453,-6.81214097138888
-14.490221466959,4.57698843233527,5.59484354259854
-15.1341908574209,4.57298304829748,5.57118690913965
11.0585971593809,11.8920675881403,-7.31068536780972
7.76965082405005,11.7157433794332,-11.3235800200533
7.73415571661484,12.2863580734659,-10.6508422081792
9.92471982825746,12.869233346855,-10.8387974313996
8.71385293038366,12.2527678720288,-11.597407082509
8.47227577548969,11.8217141168725,-10.5286589077708
7.88868484843101,12.2212651936875,-11.2333824845277
9.28807241830308,11.9856379743557,-10.1025013092367
7.58028278313533,12.1947768720639,-10.448971677391
10.6142040887173,12.5138430121604,-9.94938778187531
7.80322882086527,12.2883429331654,-10.6026613903406
11.3597104505521,11.6147167284019,-7.27369335925575
7.95918128775651,12.6357428571896,-10.2804551308446
9.9717714459917,13.29389162237,-9.73462652885108
9.68989075097031,13.0108083903643,-10.1575219003461
11.3925597485933,11.4127252991793,-7.46337798691347
10.6351013875188,11.1909382404312,-8.63951778926855
7.86006322915964,12.2287531873491,-10.6715253216569
7.37275341820772,12.0682235261002,-10.6826142757471
12.0642598921773,12.3179151853431,-7.66357649216798
7.90781494006081,12.6128706652808,-10.7910785467141
11.1133971175058,11.9956368167935,-7.37038844606982
7.89243793467443,12.2097932524333,-10.5539427103248
-14.1555949781581,5.71384612803944,6.82078545096082
11.1936943152781,11.7164853070065,-7.39549161306923
7.77818309671939,12.2197846207039,-10.7920445726072
-14.2063645694654,5.50988916870228,6.28190670635255
-14.3106326068652,3.98839779091844,5.04692073243464
11.1214024920451,11.8568015257557,-7.3313791179652
-13.0204141258462,6.77396217594445,9.90785376276371
8.35395474825064,13.105547305798,-10.3645847926232
10.2897319114213,13.0924011694361,-10.3826932909082
-12.9749699043925,5.88025502140138,10.6441026006549
10.549360024914,12.9851546733557,-10.7553333860148
-13.0350736453867,6.04367680731652,5.5667648334581
9.10235544227152,11.9812512254517,-10.9234303119783
11.2159869404018,11.9240692241323,-7.57990308099538
9.59980511656185,12.4544122650968,-10.7387704098576
10.3275948106108,12.0792658627496,-10.3738560735678
10.8649914102035,12.1202438455862,-7.04910797926529
6.26651387636118,-17.0895997411729,-2.30013538547147
9.34911558400434,-15.7662231222789,-6.78726303531819
7.63608549421382,-16.3258598982754,-5.81621513872789
7.98129682606744,-17.1379224745177,-2.56363289740514
8.58592919991523,-15.3022357700271,-6.79848465634397
6.58638352298858,-16.7358730250946,-2.21416649189009
9.27803953859217,-16.1700349055646,-5.43009884956636
8.69622907797594,-16.0073523853677,-6.90426279110266
6.63145986404412,-17.6937702493807,-2.37542235387201
6.36514065323015,-17.4620921739072,-2.57789443318362
6.06374005710835,-15.7058084316987,-2.53863078781423
7.70238980905206,-15.5697619996689,-2.97725364372867
7.13911513472422,-15.3266012195806,-2.21375313365275
9.73443717393976,-16.6483885532358,-5.95231437030448
7.86626925612638,-15.9280894776987,-6.87221442978888
5.84063704934504,-16.8296755656514,-3.00214585068154
8.83105047418636,-15.3460951681042,-7.11882703819774
8.52063018019007,-16.2075326603507,-7.16131000352266
5.80111607582039,-17.0383974085051,-1.96958061809566
5.71755348029974,-16.7194248658599,-2.42747742450182
9.40514760616399,-16.8991851010599,-5.03237721166142
7.87946317976856,-16.8109393746861,-3.26952341718955
9.64605678824844,-17.3310109535417,-7.12426396311635
5.43792942938052,-17.3797798528804,-2.18074663726888
8.81152926588969,-16.6000432281804,-3.49213999118495
9.74784587394694,-16.2092644391441,-6.50147115696216
10.3273200231155,-15.5124181684012,-5.37608714687452
10.3037181738346,-15.4152583700618,-6.01156794893401
9.1705767432461,-15.5961908281474,-6.20250145374651
8.47825215948967,-16.332115962361,-7.29721186088111
9.06803908185665,-17.0797445937677,-6.91416276152522
9.73669060667058,-15.6739936408708,-6.83692920896826
10.1005222213368,-15.8725956789417,-4.44874139900348
5.74303350576682,-17.4058083625608,-2.83211619371444
9.07942087359869,-15.8321903613205,-3.06621593493019
9.2555958172774,-15.8139550339161,-6.30194190555025
9.37474439117539,-16.2816359896851,-3.46974756369741
7.79765120198264,-15.5103218663383,-2.43853270744342
7.7627120204532,-16.0522117311615,-3.09971530315742
7.63625511761504,-15.8872906682079,-6.71347553183481
9.86733530873671,-17.2959008194021,-4.82184752710394
5.76495178059674,-15.9318519199144,-1.61641816722199
9.56035330807264,-15.1999466652252,-7.15036857889168
7.70457087278281,-15.0014916807584,-3.47706135807152
9.21834735173973,-14.9442398584981,-5.59389065808796
7.07277632181164,-16.7503904931657,-2.88494967339146
5.52714966592508,-16.7358812549501,-2.80951091630633
5.48652922631199,-16.8506421336163,-3.95625026088251
6.85418842293064,-16.0661510963328,-4.02849012277396
5.90199668341251,-17.2748962006373,-2.06597354460801
8.20614230152537,-16.0991338083514,-4.80788332719949
8.36365937765088,-15.9442578056312,-2.88609270816119
9.69221914312279,-16.0193459033463,-6.10940155967656
6.45141545340202,-17.8739444132947,-3.75805189403453
6.37018363583489,-16.7928637907189,-2.4742955227037
8.10712872937791,-16.267658455713,-2.35742091918949
5.84140677649329,-16.9959964011095,-2.63015724554647
10.0790452964342,-16.2211098535597,-5.57375378007718
-12.9084274362006,2.45225832698836,7.97525168892719
-9.28431471507319,3.69019846392532,10.5699289306801
-10.103115077194,5.25294046106858,10.3293188011342
-11.0468605006344,7.02086031800527,10.96972063527
-9.58261402504309,4.8251413773173,9.98788919326612
-11.0788966577024,4.76509029480307,6.58546985537691
-8.87915799159938,5.2032633590533,7.84271346838922
-9.51537803754489,4.75617110888318,10.610397247923
-9.16626515309086,4.59638189190819,10.5234988198581
-10.1410582098041,7.80843209187212,9.24328969357905
-9.70544939289073,4.7625280669325,9.56267310429482
-13.3386297741273,5.45279064249207,7.49596311232491
-9.77601155514584,4.48548641263948,10.5024437226194
-9.58705548456455,5.20069833574322,10.4732069140685
-10.2586735877101,5.49583215309464,8.76448554765737
-11.3525576598538,4.86610835310014,9.51967519499376
-11.9170027283288,1.82049583639114,8.35110558177794
-14.8189014326197,4.52895779966565,6.90619059108787
-9.49885511778602,4.57804799366264,10.3304082838135
-12.2130377347958,6.75092324755859,7.6941031039718
-11.3619167637236,6.35492772144172,6.81121107102108
-13.4295874401374,2.88895308633227,7.19348595006741
-8.49191570909982,6.08197156379147,10.5062745500366
-14.5491314051048,5.15053127767297,7.90627567346971
-11.096654391334,6.30559700799666,9.81111612362734
-10.5036355062436,2.68312094204094,10.8759042676892
-14.3040938591015,3.07775934144297,7.16622984321844
-10.3668775005225,6.60096134103927,7.25211752230102
-13.2558296700074,5.16794555499467,8.94257577738981
-11.2079944239587,7.57860787980711,9.05799049249722
-10.4440241891548,3.9234627704543,12.7593734523214
-9.08334010514816,6.11300771485423,7.58241865307049
-11.2774164566427,5.3718631935387,11.1635241163977
-12.8600151781069,4.5089552103454,10.0920933182127
-13.0080668827152,6.08002764651819,7.75306288404564
-12.9349744301094,7.70648119630203,8.63623721914404
-12.3255307209993,3.27955455108256,9.68219125586032
-13.112790281149,3.45760753035412,8.15777522005548
-14.2147650511859,4.99302427902869,9.69237082795253
-9.64676820706629,4.93830935619184,11.663463737573
-13.3431839030225,3.15079905424964,11.309005039817
-10.9175752696878,7.25967722460302,7.32920096873845
-10.5682676155105,6.38483970946603,8.50742978866132
-10.0111481998095,3.01381365857773,8.59109405312726
-8.2632654868796,4.51084626919818,10.512683345773
-10.8665058434082,2.82426554090796,10.085317662336
-13.4672896233543,4.2998216343552,9.37638886802709
-11.5858840922825,5.25229145839424,10.2800365591704
-9.75635936041419,4.72783149973469,10.9655900349071
-11.4725639624938,5.53536744527309,8.21236070200266
-12.8809074351243,5.06402057879369,7.61006399004309
-11.6304395975574,3.15011492362498,7.8472720844621
-10.9202293619483,3.85285985985032,9.5689304502298
-12.4085263044192,5.96902379503373,7.49569372087692
-12.3636400516419,6.64573188599274,7.05429999086383
-9.19816944387612,4.24274977375902,11.0380265845053
-12.412911386428,5.25258846836236,9.39056372744212
-8.43049584557835,3.72303206418343,9.40525537721473
-10.6989310544766,3.19520669915155,11.8962118136885
-9.41678724473816,5.55715295726726,11.0795727204588
-12.5185643604849,4.05753316485745,7.66019854127313
-9.41139545370404,4.58911796899494,10.7858224665914
-10.4846726806242,4.27798511408437,11.2711374903911
-12.0331378001678,2.88051175412323,8.56866816255531
-8.35362987501744,5.07463987405683,11.3859353650831
