-0.0741249316661101,0.154552097176954,-0.0366975336287684
-0.0741249316661102,0.0583629819891991,0.0190775972464151
-0.0741249316661101,0.00876132104007769,-0.0528783269226871
-0.0741249316661102,0.0956030042058873,-0.00224041934791947
-0.0741249316661101,0.0549961396338128,0.0124415758407216
-0.0741249316661102,-0.0208613552737486,-0.015643774236827
-0.0741249316661101,0.0694460383369613,-0.0145829811628082
-0.0741249316661101,0.0789927427602769,-0.02238109746679
-0.0741249316661101,-0.032592599843668,0.0184084765631292
-0.0741249316661101,-0.0286607814066346,0.0356507100423272
-0.0741249316661102,-0.0142474234223835,-0.00307096388373683
-0.0741249316661102,0.188066800162127,-0.0822712797276514
-0.0741249316661101,0.0403292715641913,-0.017240977749756
-0.0741249316661102,0.0662077967624374,-0.0201077910479539
-0.0741249316661101,0.0460642278367507,-0.00600748796397254
-0.0741249316661102,-0.00028769855173974,-0.0493322106873378
-0.0741249316661102,0.0187636753351523,0.0117056734805579
-0.0741249316661101,-0.00375491287928883,0.00381903709349441
-0.0741249316661102,0.00592667199501953,-0.0132719047596438
-0.0741249316661101,0.0647739333072692,-0.0177649838126852
-0.0741249316661101,0.135408396818129,-0.120036675053842
-0.0741249316661102,0.180212475815317,-0.0876333076788116
-0.0741249316661102,0.102827943199988,-0.0151648439710298
-0.0741249316661101,0.113285379931462,-0.0375572700147778
-0.0741249316661101,0.143110519528531,-0.0670452953457071
-0.0741249316661102,0.128677719641039,-0.0727285017177849
-0.0741249316661101,0.11374696673646,-0.0213748327851215
-0.0741249316661101,0.156606573261818,-0.09260784727163
-0.0741249316661101,0.0768108969517071,-0.0140042558374843
-0.0741249316661102,0.211658697706545,-0.124167133631249
-0.0741249316661101,0.0384293409992426,-0.0553864133378242
-0.0741249316661101,0.149237153719,-0.0479460094257857
-0.0741249316661101,0.0660203389035878,-0.0284902252717372
-0.0741249316661102,0.126377650455731,0.00625139418056436
-0.0741249316661101,0.0361750119449862,-0.0804521141644125
-0.0741249316661101,0.067171787528566,-0.0842869849117855
-0.0741249316661102,0.190280635913026,-0.0693838800647019
-0.0741249316661102,0.12636527822643,-0.0850418686529294
-0.0741249316661101,0.0313089144698716,-0.0309604284649535
-0.0741249316661102,0.185926427456605,-0.114179098056154
-0.0741249316661101,0.0626513496125259,-0.0215349843847613
-0.0741249316661101,0.1654185554799,-0.0628651116803686
-0.0741249316661101,0.00842508596898726,-0.0345526454861637
-0.0741249316661101,0.0487671894376898,-0.0719091514446485
-0.0741249316661102,0.199636292053212,-0.121464697858208
-0.0741249316661102,0.0163816965192758,-0.00634464268741131
-0.0741249316661101,-0.0405664583511951,-0.00844151594807164
-0.0741249316661101,0.0632010864524132,-0.038534031309738
-0.0741249316661102,-0.0432285193106122,-0.038973366529968
-0.07412493166611,0.135798149346566,-0.054444171427402
-0.0741249316661102,0.0836726817412303,0.0128044115110492
-0.0741249316661101,-0.0518643803895744,-0.0205381299651812
-0.0741249316661101,0.0566153168849727,0.00571465296151105
-0.0741249316661101,-0.0016085516756205,-0.0175925450644213
-0.0741249316661102,0.126834347188308,-0.0405614172137711
-0.0741249316661101,0.0735700945878713,-0.0547507967978207
-0.0741249316661101,0.100902427172324,-0.00686355000689853
-0.0741249316661101,0.0879013207600998,-0.0205340551130035
-0.0741249316661101,0.0374983182221084,0.0247350241324932
-0.0741249316661101,-0.069614917238072,0.129839736674702
-0.0741249316661101,0.0627425458050776,0.0896123164243973
-0.0741249316661102,0.0210570653954771,0.0603567805048965
-0.0741249316661101,-0.0190043925558095,0.145841725893669
-0.0741249316661101,0.0423217184584603,0.0649776164049422
-0.0741249316661101,-0.0626083136036441,0.152934151340711
-0.0741249316661101,0.00995678032001655,0.101597064243174
-0.0741249316661101,0.044053543355383,0.053958907434307
-0.0741249316661102,-0.0346721097428603,0.0974579497462708
-0.0741249316661101,-0.0350622226452025,0.140756163138968
-0.0741249316661101,-0.0413393140209377,0.105815466578894
-0.0741249316661101,-0.00519636511302288,0.139953341791637
-0.0741249316661101,-0.0084535073213797,0.0980401320043005
-0.0741249316661102,0.0342475900133438,0.0933530701753276
-0.0741249316661101,0.0274655711548851,0.0382521672024787
-0.0741249316661101,-0.0637377140364546,0.114708704331678
-0.07412493166611,0.0626458341896207,0.0586989611305436
-0.0741249316661101,0.0424374209043742,0.0283624472300939
-0.0741249316661102,-0.06745254863588,0.0827314190601387
-0.0741249316661101,-0.0475273198361905,0.0983804628336184
-0.0741249316661102,0.0177370954561995,0.0928840332430468
-0.0741249316661101,-0.0155287442463756,0.155129600711587
-0.0741249316661102,-0.00487168381915604,0.0766930050434976
-0.0741249316661101,-0.0384571591805031,0.0993234806129537
-0.0741249316661101,0.0139057901735642,0.112833861479197
-0.0741249316661102,0.0532822387115287,0.0705084584282916
-0.0741249316661101,0.0335741297401518,0.0866468018393588
-0.0741249316661102,0.0254728480882285,0.0822232749961353
-0.0741249316661101,0.0299973613842609,0.115948920700216
-0.0741249316661102,0.0453736376230825,0.0367818797986781
-0.0741249316661101,0.000572971105907268,0.0686473856184385
-0.0741249316661102,0.0725552283154335,0.0766132131206108
-0.0741249316661102,0.0122285272796507,0.0867284245558473
-0.0741249316661102,-0.045934798574668,0.0903520892404558
-0.0741249316661102,0.00813239514466235,0.118404161796086
-0.0741249316661101,0.0634850621494382,0.0879691072668714
-0.0741249316661101,0.017822271554693,0.114131366065258
-0.0741249316661101,-0.00291464661388831,0.0981706573613362
-0.0741249316661102,-0.00589148077897839,0.161799538314374
-0.0741249316661101,0.0491928224861124,-0.0089354892885647
-0.0741249316661102,0.0151097310509805,0.106587559363456
-0.0741249316661101,-0.0643004924117029,0.0632804038188988
-0.0741249316661101,0.0410838735844902,0.065278658820641
-0.0741249316661101,0.00257597178037695,0.0937511504481426
-0.0741249316661101,0.0195636860499731,0.0863565957230598
-0.0741249316661101,-0.0305842207264231,0.140891938897572
-0.0741249316661101,-0.0685441957207268,0.0683984686143789
-0.0741249316661101,-0.0331789015192766,0.0689532410960794
-0.0741249316661101,-0.0143927408122038,0.105879295235168
-0.0741249316661101,-0.0696136633187233,0.079822754227664
-0.0741249316661102,0.00712149981715863,0.133041012825704
-0.0741249316661101,0.00307304668910923,0.122129732522226
-0.0741249316661101,0.0521621829111179,0.0879784949319559
-0.0741249316661102,-0.0254047323113285,0.0759823301395598
-0.0741249316661101,-0.0588669368007715,0.148837632775749
-0.0741249316661101,-0.00699891407879969,0.143673629398178
-0.0741249316661102,-0.0538319497587709,0.106216875692798
-0.0741249316661101,0.00870795033954058,0.100257274130607
-0.0741249316661101,-0.0349618632878982,-0.0184293113557615
-0.0741249316661101,-0.0984165487025691,-0.067739659359645
-0.0741249316661101,-0.0980622558311769,-0.0524350818447414
-0.0741249316661101,-0.047463019492496,-0.0336692335090758
-0.0741249316661101,-0.110786939131773,-0.048618712561443
-0.0741249316661101,-0.0278133297887804,-0.0597756654268771
-0.0741249316661101,-0.0487275982876019,-0.0461984166702983
-0.0741249316661102,-0.134988776945308,-0.078411198985935
-0.0741249316661101,-0.106730070654948,-0.0625023904533851
-0.0741249316661101,-0.0457778769340366,-0.0486169808424297
-0.0741249316661101,-0.0989883686232584,-0.0538643893309805
-0.0741249316661102,-3.21429409389706e-05,-0.0887456272401345
-0.0741249316661101,-0.113659157586982,-0.0549154686581525
-0.0741249316661102,-0.116986194983367,-0.106028876956974
-0.0741249316661101,-0.0744233469335264,-0.0655285220710166
-0.0741249316661101,-0.0791456824584448,-0.0594666070489221
-0.0741249316661102,-0.0333221233272077,-0.0307920820980342
-0.0741249316661102,0.00237507681216547,-0.034569423499664
-0.0741249316661101,-0.118498308755357,-0.0622028619466684
-0.0741249316661101,-0.0288196943551131,-0.0714310765282385
-0.0741249316661102,-0.0179287578404394,-0.0619343297881633
-0.0741249316661101,-0.017749503570144,-0.00078756666726466
-0.0741249316661102,-0.0830537826662907,-0.0815862469286549
-0.0741249316661102,0.00374852284581282,-0.0446561116191773
-0.0741249316661101,-0.0640955443601539,-0.0634944363924761
-0.0741249316661101,-0.0638307067059221,-0.0465514897132582
-0.0741249316661101,-0.00636652281354284,-0.0201210519637581
-0.0741249316661101,-0.039096934932538,-0.0535999835462425
-0.0741249316661101,-0.0330450142914367,-0.0388409353375059
-0.0741249316661101,-0.03873545518191,-0.0337533655126121
-0.0741249316661101,-0.0520803312307974,-0.0451066846807322
-0.0741249316661101,-0.0427119000307223,-0.0345218623147448
-0.0741249316661101,-0.0850944032161057,-0.0459152421244473
-0.0741249316661102,-0.0563914810554631,-0.0678989844966645
-0.0741249316661101,-0.0208044940923433,-0.0687001714059988
-0.0741249316661101,-0.0284875037340553,-0.0493763555741094
-0.0741249316661101,-0.052357678438356,-0.0259222931503874
-0.0741249316661102,-0.0292589970879328,-0.0428391865459904
-0.0741249316661102,-0.028944987592301,-0.0347405700039895
-0.0741249316661102,-0.0996645026757985,-0.0826122164664897
-0.0741249316661101,-0.0272527720932333,-0.0422195614753435
-0.0741249316661101,-0.0365715244574952,-0.0663554022512455
-0.0741249316661102,-0.0476608815896395,-0.0747349215461831
-0.0741249316661101,-0.0604707702037182,-0.024335128416876
-0.0741249316661101,-0.0926680633338527,-0.0853279649719164
-0.0741249316661101,-0.070380679179572,-0.0275961234277875
-0.07412493166611,-0.0384976329397068,-0.0748501789801898
-0.0741249316661101,-0.0762779908610851,-0.0751744686638673
-0.0741249316661101,-0.109873480240606,-0.0812248438208618
-0.0741249316661102,-0.0507582267976028,-0.0868694639296606
-0.0741249316661102,-0.013230415774789,-0.0802348909677635
-0.0741249316661102,-0.0372137254403736,-0.0501374634425276
-0.0741249316661101,-0.0784603439179633,-0.0593053715482381
-0.0741249316661101,-0.0151325040535369,-0.0730565239384683
-0.0741249316661101,-0.0096030828252269,-0.0406262925033433
-0.0741249316661101,-0.115638588739106,-0.0677223475619163
-0.0741249316661101,-0.0566616173522461,-0.0669031427742455
-0.0741249316661101,-0.0638168005612687,-0.0560988510847142
-0.0741249316661101,-0.0701117916702057,-0.049481855574451
-0.0741249316661101,-0.111430263812227,-0.113691801304184
-0.0741249316661102,-0.0202082840104106,-0.0740741413854599
-0.0741249316661101,-0.145856079434733,-0.116129245060523
-0.0741249316661101,-0.0985234074613601,-0.0625106299041282
-0.0741249316661101,-0.0413381974395154,-0.0743079238037036
-0.0741249316661101,-0.0925218248188732,-0.059322913273045
